1 4
0 2571 528 1 4 0 2571 528
1 2625 219 1 3 1 2625 219
0 2514 852 2 2 0 32 347 5 0 2482 505
2 2577 490 1 9 2 2577 490
-1
2 4
1 1644 358 1 6 1 1644 358
1 1707 0 1 8 1 1707 0
0 1579 729 2 9 0 13 410 8 0 1566 319
1 1583 705 1 7 1 1583 705
-1
3 2
1 1091 80 1 8 1 1091 80
2 1086 107 1 3 2 1086 107
-1
4 8
6459 1446 1 1 5 6459 1446 1
1406 3037 0 1 4 1406 3037 0
0 3439 230 1 10 0 3439 230
0 3409 401 2 8 0 61 344 7 0 3348 57
1 3426 303 1 2 1 3426 303
2181 2793 0 1 1 2181 2793 0
913 3192 1 1 7 913 3192 1
2 3479 0 1 10 2 3479 0
-1
5 4
1257 2699 0 1 2 1257 2699 0
0 3165 562 1 9 0 3165 562
669 3053 1 1 6 669 3053 1
4310 1799 0 1 8 4310 1799 0
-1
