1 10
0 9899 363 1 2 0 9899 363
8242 9899 0 1 8 8242 9899 0
1275 9899 0 1 5 1275 9899 0
0 19845 0 1 7 0 19845 0
0 11980 0 1 9 0 11980 0
0 9899 222 1 10 0 9899 222
2762 9899 0 1 4 2762 9899 0
0 9899 424 1 1 0 9899 424
0 9899 1624 1 6 0 9899 1624
0 25882 0 2 3 0 13585 0 2 0 12297 0
-1
2 6
10151 9899 0 1 3 10151 9899 0
0 9899 351 1 7 0 9899 351
4515 9899 0 1 5 4515 9899 0
0 9899 221 1 8 0 9899 221
0 9899 587 1 2 0 9899 587
0 10450 0 1 1 0 10450 0
-1
3 10
0 9899 927 1 9 0 9899 927
14702 9899 0 1 6 14702 9899 0
0 9899 307 1 4 0 9899 307
0 9899 1236 1 3 0 9899 1236
1677 9899 0 1 7 1677 9899 0
1292 9899 0 1 1 1292 9899 0
0 9899 573 1 5 0 9899 573
2879 9899 0 1 8 2879 9899 0
0 9899 681 1 2 0 9899 681
0 9899 23 1 10 0 9899 23
-1
4 5
0 9899 635 1 5 0 9899 635
0 9899 666 1 2 0 9899 666
0 15056 0 1 1 0 15056 0
0 9899 207 1 8 0 9899 207
0 9899 1148 1 3 0 9899 1148
-1
5 10
3266 9899 0 1 5 3266 9899 0
0 17354 0 1 6 0 17354 0
12420 9899 0 1 7 12420 9899 0
0 9899 261 1 9 0 9899 261
0 9899 625 1 3 0 9899 625
0 9899 431 1 8 0 9899 431
3507 9899 0 1 2 3507 9899 0
0 9899 630 1 1 0 9899 630
3348 9899 0 1 10 3348 9899 0
0 9899 276 1 4 0 9899 276
-1
