1 12
0 813 2 1 7 0 813 2
0 813 2 1 5 0 813 2
2 784 271 1 1 2 784 271
1 709 988 1 9 1 709 988
1 761 493 1 3 1 761 493
2255 87 0 1 6 2255 87 0
1 804 84 1 2 1 804 84
2 760 500 1 4 2 760 500
0 813 2 1 2 0 813 2
0 770 411 1 2 0 770 411
2 776 348 1 2 2 776 348
0 755 554 1 8 0 755 554
-1
2 11
3912 476 1 1 7 3912 476 1
5027 117 0 1 5 5027 117 0
0 1611 1188 1 6 0 1611 1188
1240 1288 462 2 1 1238 2 0 9 2 1286 462
2952 714 678 2 3 0 5 677 6 2952 709 1
2 1598 1306 1 10 2 1598 1306
0 1718 170 1 8 0 1718 170
2 1671 611 1 2 2 1671 611
3 1606 1227 1 4 3 1606 1227
943 1432 2 1 9 943 1432 2
2 1735 2 1 4 2 1735 2
-1
3 17
1 693 253 1 3 1 693 253
3 719 0 1 7 3 719 0
2 691 269 1 8 2 691 269
0 720 0 1 4 0 720 0
1 623 919 1 6 1 623 919
3 719 0 2 1 0 273 0 6 3 446 0
2 706 127 1 5 2 706 127
1 670 472 1 5 1 670 472
0 720 0 1 9 0 720 0
0 657 599 1 9 0 657 599
555 541 2 1 9 555 541 2
0 720 0 1 3 0 720 0
3 719 0 1 6 3 719 0
3 719 0 1 2 3 719 0
3 719 0 1 4 3 719 0
0 686 323 1 1 0 686 323
0 639 770 1 2 0 639 770
-1
4 8
0 1163 1332 1 4 0 1163 1332
84 1276 0 1 5 84 1276 0
3 1290 115 1 1 3 1290 115
1 1179 1177 2 8 0 743 0 9 1 436 1177
2006 657 0 1 3 2006 657 0
0 1174 1228 1 6 0 1174 1228
1 1256 444 1 2 1 1256 444
3 1212 857 1 2 3 1212 857
-1
5 16
2 1377 586 1 1 2 1377 586
0 1378 583 1 3 0 1378 583
0 1362 735 1 4 0 1362 735
2 1399 377 1 8 2 1399 377
1 1324 1094 1 6 1 1324 1094
3 1330 1031 1 9 3 1330 1031
3655 262 2 1 2 3655 262 2
0 1387 497 1 5 0 1387 497
1 1439 0 1 7 1 1439 0
0 1434 50 1 4 0 1434 50
2 1342 920 1 7 2 1342 920
0 1367 688 1 4 0 1367 688
1 1389 475 1 9 1 1389 475
0 1407 307 1 4 0 1407 307
1 1439 0 1 9 1 1439 0
0 1385 516 1 9 0 1385 516
-1
