1 12
2 381 0 1 3 2 381 0
2 381 0 1 3 2 381 0
2 381 0 1 3 2 381 0
2 381 0 1 3 2 381 0
2 381 0 1 3 2 381 0
210 289 0 1 3 210 289 0
2 381 0 1 3 2 381 0
2 381 0 2 3 0 203 0 10 2 178 0
318 241 1 1 3 318 241 1
2 381 0 1 3 2 381 0
2 381 0 1 7 2 381 0
2 381 0 1 7 2 381 0
-1
2 9
574 66 3 1 10 574 66 3
114 270 0 1 7 114 270 0
482 107 1 1 10 482 107 1
1 320 0 1 7 1 320 0
1 320 0 1 10 1 320 0
1 320 0 1 10 1 320 0
1 320 0 1 10 1 320 0
1 320 0 1 3 1 320 0
1 320 0 1 3 1 320 0
-1
3 18
0 409 0 1 9 0 409 0
1 344 562 1 3 1 344 562
438 215 1 1 3 438 215 1
169 334 1 1 3 169 334 1
0 409 0 1 3 0 409 0
36 393 0 1 3 36 393 0
0 409 0 1 3 0 409 0
564 159 3 1 3 564 159 3
0 409 0 1 3 0 409 0
0 409 0 1 3 0 409 0
0 409 0 1 3 0 409 0
309 272 2 1 3 309 272 2
0 409 0 1 3 0 409 0
0 409 0 1 3 0 409 0
42 390 3 1 3 42 390 3
0 409 0 1 3 0 409 0
228 308 0 1 3 228 308 0
9 405 0 1 3 9 405 0
-1
4 10
50 86 0 1 7 50 86 0
0 108 1 1 7 0 108 1
0 108 1 1 7 0 108 1
206 17 0 1 7 206 17 0
0 108 1 1 3 0 108 1
43 89 1 1 3 43 89 1
0 108 1 1 10 0 108 1
65 79 3 1 3 65 79 3
0 108 1 1 7 0 108 1
0 108 1 1 7 0 108 1
-1
5 20
665 98 2 1 10 665 98 2
1 392 1 1 3 1 392 1
466 186 3 1 3 466 186 3
1 392 1 1 3 1 392 1
1 392 1 1 3 1 392 1
1 392 1 1 3 1 392 1
1 392 1 1 3 1 392 1
1 392 1 1 3 1 392 1
1 392 1 1 3 1 392 1
1 392 1 1 3 1 392 1
1 392 1 1 3 1 392 1
1 392 1 1 3 1 392 1
1 392 1 1 3 1 392 1
1 373 167 1 3 1 373 167
1 392 1 1 3 1 392 1
1 392 1 1 10 1 392 1
1 392 1 1 10 1 392 1
457 190 2 1 3 457 190 2
1 392 1 1 3 1 392 1
1 392 1 1 3 1 392 1
-1
