1 13
0 4913 0 1 1 0 4913 0
0 5468 1 1 1 0 5468 1
0 5468 1 1 1 0 5468 1
0 4526 0 1 1 0 4526 0
0 5468 1 1 1 0 5468 1
0 5293 0 1 1 0 5293 0
0 5468 1 1 1 0 5468 1
0 3690 410 1 1 0 3690 410
0 5128 0 1 1 0 5128 0
0 5468 1 1 1 0 5468 1
0 5445 0 1 1 0 5445 0
0 5040 0 1 1 0 5040 0
0 5037 0 1 1 0 5037 0
-1
2 13
0 3321 369 1 1 0 3321 369
0 4251 0 1 1 0 4251 0
0 4920 0 1 1 0 4920 0
0 4897 0 1 1 0 4897 0
0 4908 0 1 1 0 4908 0
0 3321 369 1 1 0 3321 369
0 4920 0 1 1 0 4920 0
0 4679 0 1 1 0 4679 0
0 4108 0 1 1 0 4108 0
0 3321 369 1 1 0 3321 369
0 4920 0 1 1 0 4920 0
0 457 13389 1 1 0 457 13389
0 3321 369 1 1 0 3321 369
-1
3 6
0 4298 0 1 1 0 4298 0
0 4289 0 1 1 0 4289 0
0 3448 0 1 1 0 3448 0
0 4370 0 1 1 0 4370 0
0 4437 1 1 1 0 4437 1
0 4437 1 1 1 0 4437 1
-1
4 13
0 6142 1 1 1 0 6142 1
0 5180 0 1 1 0 5180 0
0 6142 1 1 1 0 6142 1
0 5575 0 1 1 0 5575 0
0 5738 0 1 1 0 5738 0
0 6005 0 1 1 0 6005 0
0 6142 1 1 1 0 6142 1
0 6142 1 1 1 0 6142 1
0 5197 0 1 1 0 5197 0
0 6142 1 1 1 0 6142 1
0 6142 1 1 1 0 6142 1
0 6142 1 1 1 0 6142 1
0 4145 460 1 1 0 4145 460
-1
5 2
0 3754 0 1 1 0 3754 0
0 499 9807 1 1 0 499 9807
-1
