1 8
787 831 1 1 9 787 831 1
354 969 0 1 3 354 969 0
1725 532 2 1 5 1725 532 2
538 899 0 1 1 538 899 0
1 1064 158 1 10 1 1064 158
3226 54 0 1 6 3226 54 0
1556 586 1 1 2 1556 586 1
1 1067 131 1 4 1 1067 131
-1
2 10
1892 335 2 1 7 1892 335 2
1522 453 1 1 10 1522 453 1
0 897 371 1 6 0 897 371
2523 134 2 1 8 2523 134 2
0 938 0 1 1 0 938 0
762 695 2 1 9 762 695 2
675 723 0 1 4 675 723 0
1531 450 2 1 5 1531 450 2
0 925 118 1 2 0 925 118
2 927 94 1 3 2 927 94
-1
3 10
2 747 13 1 10 2 747 13
1 731 160 1 2 1 731 160
1 738 97 1 1 1 738 97
1 735 124 1 7 1 735 124
1 724 224 1 6 1 724 224
2 736 112 1 9 2 736 112
1733 197 0 1 4 1733 197 0
2 702 420 1 8 2 702 420
1544 257 2 1 3 1544 257 2
1 722 242 1 5 1 722 242
-1
4 5
0 1036 54 1 2 0 1036 54
2975 94 2 1 8 2975 94 2
0 1019 208 1 6 0 1019 208
200 978 2 1 1 200 978 2
2 1025 148 1 4 2 1025 148
-1
5 10
1491 600 1 1 9 1491 600 1
835 809 1 1 3 835 809 1
1 1037 342 1 6 1 1037 342
885 793 2 1 1 885 793 2
2 1072 23 1 5 2 1072 23
383 953 1 1 10 383 953 1
0 1066 83 1 4 0 1066 83
2066 417 0 1 7 2066 417 0
3 1032 382 1 8 3 1032 382
0 1073 20 1 2 0 1073 20
-1
