1 10
50 148 4 2 8 0 148 0 9 50 0 4
1169 126 0 1 9 1169 126 0
0 149 4 1 7 0 149 4
7339 2 6 1 10 7339 2 6
0 149 4 1 2 0 149 4
0 149 4 1 5 0 149 4
3704 75 3 1 1 3704 75 3
3234 84 7 1 3 3234 84 7
3570 78 0 1 6 3570 78 0
6145 26 5 2 4 549 0 0 2 5596 26 5
-1
2 10
279 160 8 1 3 279 160 8
1454 137 3 1 5 1454 137 3
0 166 4 2 7 0 85 0 9 0 81 4
6394 38 5 1 8 6394 38 5
0 166 4 1 2 0 166 4
0 166 4 1 4 0 166 4
1540 135 6 1 10 1540 135 6
0 166 4 1 9 0 166 4
4385 78 7 1 6 4385 78 7
3134 103 7 2 1 3132 0 0 2 2 103 7
-1
3 10
3830 157 0 1 8 3830 157 0
10535 22 9 1 5 10535 22 9
0 233 6 1 1 0 233 6
0 233 6 1 2 0 233 6
1315 207 3 1 4 1315 207 3
1025 213 1 2 7 1022 0 0 6 3 213 1
0 233 6 1 10 0 233 6
0 222 116 1 9 0 222 116
220 229 2 2 3 0 186 0 10 220 43 2
0 220 136 2 6 0 0 130 9 0 220 6
-1
4 10
504 142 3 1 6 504 142 3
0 152 4 1 10 0 152 4
2959 93 2 2 7 2959 0 0 6 0 93 2
0 152 4 1 5 0 152 4
3094 90 5 1 2 3094 90 5
0 152 4 2 8 0 93 0 6 0 59 4
4050 71 4 1 1 4050 71 4
0 95 574 1 9 0 95 574
5450 43 4 1 3 5450 43 4
714 138 1 1 4 714 138 1
-1
5 10
0 249 6 2 8 0 219 0 9 0 30 6
2960 190 4 1 1 2960 190 4
0 249 6 1 2 0 249 6
9650 56 6 1 4 9650 56 6
1630 217 0 2 3 1627 0 0 6 3 217 0
9290 63 8 1 7 9290 63 8
0 249 6 1 10 0 249 6
9420 61 2 1 9 9420 61 2
0 249 6 1 5 0 249 6
0 249 6 1 6 0 249 6
-1
