1 8
135 1000 0 1 7 135 1000 0
0 8167 0 1 10 0 8167 0
0 8547 0 2 5 0 7568 0 2 0 979 0
0 8547 0 2 1 0 3631 0 6 0 4916 0
3427 7463 1 3 4 3426 3 0 8 0 7296 0 2 1 164 1
0 8481 0 1 3 0 8481 0
0 8547 0 1 7 0 8547 0
0 7374 0 1 2 0 7374 0
-1
2 0
-1
3 9
205 1000 0 1 4 205 1000 0
0 1646 0 1 6 0 1646 0
0 1159 0 2 10 0 96 0 6 0 1063 0
1810 1000 0 1 2 1810 1000 0
0 1646 0 1 4 0 1646 0
0 1646 0 1 4 0 1646 0
0 1376 0 1 4 0 1376 0
0 1646 0 1 10 0 1646 0
0 1000 366 1 4 0 1000 366
-1
4 8
1 1101 55 2 4 0 987 0 6 1 114 55
0 1110 1 1 6 0 1110 1
1540 623 1 1 1 1540 623 1
203 1046 0 2 2 202 1 0 7 1 1045 0
0 1110 1 2 7 0 995 1 6 0 115 0
506 950 1 2 10 0 742 0 1 506 208 1
0 1110 1 1 7 0 1110 1
0 1110 1 1 10 0 1110 1
-1
5 1
0 675 1053 1 6 0 675 1053
-1
