1 8
0 1995 1 3 1 0 779 0 5 0 447 0 4 0 769 1
0 1995 1 1 3 0 1995 1
0 1995 1 3 4 0 654 0 3 0 1123 0 5 0 218 1
0 1995 1 1 2 0 1995 1
0 1995 1 2 5 0 982 0 2 0 1013 1
0 1995 1 1 1 0 1995 1
0 1910 386 2 5 0 1670 0 2 0 240 386
0 1995 1 1 1 0 1995 1
-1
2 12
0 1403 631 1 6 0 1403 631
1 1542 0 1 9 1 1542 0
1 1542 0 1 8 1 1542 0
1 1542 0 1 10 1 1542 0
1 1386 706 2 7 0 1351 0 9 1 35 706
2 1470 324 1 10 2 1470 324
1 1461 366 1 7 1 1461 366
1 1542 0 1 7 1 1542 0
0 1431 504 1 10 0 1431 504
1 1542 0 2 6 0 1403 0 10 1 139 0
0 1423 540 2 6 0 986 0 8 0 437 540
1 1542 0 2 7 0 1265 0 6 1 277 0
-1
3 5
1 1533 1 1 2 1 1533 1
1 1533 1 2 3 0 1273 0 1 1 260 1
2 1406 574 1 4 2 1406 574
1 1320 965 2 5 0 83 366 1 1 1237 599
1 1448 386 1 4 1 1448 386
-1
4 8
4628 203 0 1 9 4628 203 0
1 2086 1 2 8 0 2080 1 6 1 6 0
2586 1034 0 1 10 2586 1034 0
3864 514 0 1 7 3864 514 0
0 2004 374 3 6 0 1368 0 8 0 628 0 10 0 8 374
456 1901 0 1 8 456 1901 0
2 2065 94 1 6 2 2065 94
1 2086 1 1 9 1 2086 1
-1
5 6
0 2206 1 1 2 0 2206 1
1 2102 470 2 1 0 2 470 2 1 2100 0
0 2206 1 1 5 0 2206 1
0 2088 535 1 3 0 2088 535
1 2053 692 1 4 1 2053 692
1023 1790 0 1 4 1023 1790 0
-1
