1 7
0 489 43 1 8 0 489 43
0 490 34 2 9 0 0 34 3 0 490 0
3 493 0 1 6 3 493 0
3 493 0 1 7 3 493 0
3 478 135 1 4 3 478 135
0 476 160 2 1 0 10 159 3 0 466 1
3 493 0 1 2 3 493 0
-1
2 7
3 709 8 1 10 3 709 8
0 697 124 1 5 0 697 124
2 710 1 1 8 2 710 1
1 685 230 1 6 1 685 230
2 710 1 1 7 2 710 1
2 710 1 1 2 2 710 1
2 710 1 1 9 2 710 1
-1
3 8
2 610 1 1 9 2 610 1
2 610 1 1 3 2 610 1
3 604 53 1 4 3 604 53
2 610 1 1 1 2 610 1
2 584 236 1 2 2 584 236
2 610 1 1 6 2 610 1
350 517 2 1 7 350 517 2
0 600 97 1 5 0 600 97
-1
4 9
1 479 198 1 3 1 479 198
1 501 0 1 5 1 501 0
2 496 43 1 4 2 496 43
1 501 0 1 9 1 501 0
1 501 0 1 6 1 501 0
120 469 2 1 10 120 469 2
64 484 1 1 8 64 484 1
2 491 88 1 2 2 491 88
1 485 144 1 1 1 485 144
-1
5 4
2 672 0 1 2 2 672 0
2 659 118 2 6 0 506 0 10 2 153 118
2 672 0 1 1 2 672 0
2 656 145 1 5 2 656 145
-1
