1 17
0 1000 78 1 71 0 1000 78
5928 1000 0 1 149 5928 1000 0
0 1091 0 1 240 0 1091 0
4933 1000 0 1 272 4933 1000 0
3157 1000 0 1 147 3157 1000 0
7055 1000 0 1 107 7055 1000 0
2968 1000 0 1 72 2968 1000 0
6842 1000 0 1 192 6842 1000 0
3498 1000 0 1 93 3498 1000 0
5192 1000 0 1 228 5192 1000 0
6344 1000 0 1 122 6344 1000 0
1438 1000 0 1 43 1438 1000 0
0 1000 1061 1 172 0 1000 1061
1713 1000 0 1 224 1713 1000 0
6356 1000 0 1 270 6356 1000 0
7015 1000 0 1 207 7015 1000 0
6812 1000 0 1 287 6812 1000 0
-1
2 19
4297 1000 0 1 60 4297 1000 0
1187 1000 0 1 148 1187 1000 0
11691 519 0 1 193 11691 519 0
1829 1000 0 1 73 1829 1000 0
1 1688 0 1 285 1 1688 0
4736 1000 0 1 166 4736 1000 0
0 1000 567 1 124 0 1000 567
0 1622 0 1 280 0 1622 0
2404 1000 0 1 226 2404 1000 0
4330 1000 0 1 39 4330 1000 0
952 1000 0 1 237 952 1000 0
1 1688 0 1 252 1 1688 0
2688 1000 0 1 76 2688 1000 0
6551 1000 0 1 70 6551 1000 0
1 1688 0 1 233 1 1688 0
2517 1000 0 1 289 2517 1000 0
5001 1000 0 1 29 5001 1000 0
1174 1000 0 1 200 1174 1000 0
0 1000 1132 1 256 0 1000 1132
-1
3 13
8192 1000 0 1 90 8192 1000 0
21188 7 0 2 206 15859 0 0 102 5329 7 0
14798 646 0 1 141 14798 646 0
2829 1000 0 1 224 2829 1000 0
0 1252 0 1 282 0 1252 0
0 1000 370 1 243 0 1000 370
7687 1000 0 1 82 7687 1000 0
2155 1000 0 1 50 2155 1000 0
19668 159 0 2 8 12852 0 0 17 6816 159 0
8 2125 0 1 54 8 2125 0
3951 1000 0 1 71 3951 1000 0
20158 110 0 2 180 13799 0 0 75 6359 110 0
4370 1000 0 1 88 4370 1000 0
-1
4 11
391 1000 0 1 16 391 1000 0
164 1000 0 1 289 164 1000 0
6778 1000 0 1 252 6778 1000 0
8683 1000 0 1 214 8683 1000 0
10206 1000 0 1 31 10206 1000 0
2994 1000 0 1 91 2994 1000 0
0 1000 86 1 254 0 1000 86
1171 1000 0 1 39 1171 1000 0
6677 1000 0 1 208 6677 1000 0
2225 1000 0 1 109 2225 1000 0
12204 804 1 1 29 12204 804 1
-1
5 15
1433 1000 0 1 242 1433 1000 0
2547 1000 0 1 200 2547 1000 0
2 1462 0 1 60 2 1462 0
1615 1000 0 1 262 1615 1000 0
0 1000 623 1 315 0 1000 623
5022 960 0 1 237 5022 960 0
7122 750 0 1 166 7122 750 0
4273 1000 0 1 173 4273 1000 0
0 1000 494 1 293 0 1000 494
10582 404 0 1 164 10582 404 0
94 1000 0 1 19 94 1000 0
486 1000 0 1 73 486 1000 0
144 1000 0 1 77 144 1000 0
3138 1000 0 1 256 3138 1000 0
0 1378 0 1 124 0 1378 0
-1
6 16
667 1000 0 1 30 667 1000 0
0 1000 156 1 319 0 1000 156
7359 1000 0 1 141 7359 1000 0
10099 1000 0 1 192 10099 1000 0
2605 1000 0 1 291 2605 1000 0
1079 1000 0 1 117 1079 1000 0
2100 1000 0 1 85 2100 1000 0
3863 1000 0 1 137 3863 1000 0
13225 1000 0 1 324 13225 1000 0
0 1000 699 1 195 0 1000 699
1155 1000 0 1 68 1155 1000 0
1582 1000 0 1 253 1582 1000 0
0 1000 165 1 278 0 1000 165
2243 1000 0 1 43 2243 1000 0
10282 1000 0 1 199 10282 1000 0
0 1000 411 1 147 0 1000 411
-1
7 8
5146 1000 0 1 301 5146 1000 0
0 1000 620 1 267 0 1000 620
4016 1000 0 1 22 4016 1000 0
22998 1000 0 2 176 11730 0 0 144 11268 1000 0
8005 1000 0 1 3 8005 1000 0
1347 1000 0 1 322 1347 1000 0
19363 1000 0 2 118 7440 0 0 98 11923 1000 0
2277 1000 0 1 192 2277 1000 0
-1
8 14
10291 1000 0 1 139 10291 1000 0
758 1000 0 1 266 758 1000 0
10350 1000 0 1 55 10350 1000 0
0 1000 171 1 51 0 1000 171
624 1000 0 1 67 624 1000 0
814 1000 0 1 198 814 1000 0
26057 1000 0 2 101 13246 0 0 103 12811 1000 0
0 1000 538 1 202 0 1000 538
1381 1000 0 1 186 1381 1000 0
5804 1000 0 1 37 5804 1000 0
2210 1000 0 1 79 2210 1000 0
162 1000 0 1 284 162 1000 0
0 3647 0 1 277 0 3647 0
3884 1000 0 1 156 3884 1000 0
-1
9 17
1146 1000 0 1 60 1146 1000 0
0 3079 0 1 280 0 3079 0
0 1564 0 1 109 0 1564 0
1045 1000 0 1 23 1045 1000 0
5382 1000 0 1 4 5382 1000 0
12664 1000 0 1 256 12664 1000 0
4672 1000 0 1 214 4672 1000 0
4121 1000 0 1 193 4121 1000 0
530 1000 0 1 232 530 1000 0
0 1000 1029 1 252 0 1000 1029
368 1000 0 1 148 368 1000 0
7936 1000 0 1 70 7936 1000 0
0 1000 687 1 285 0 1000 687
0 1000 277 1 302 0 1000 277
6529 1000 0 1 39 6529 1000 0
4403 1000 0 1 233 4403 1000 0
4 4714 0 1 29 4 4714 0
-1
10 13
6060 1000 0 1 38 6060 1000 0
5693 1000 0 1 246 5693 1000 0
5020 1000 0 1 137 5020 1000 0
2851 1000 0 1 82 2851 1000 0
0 1000 229 1 43 0 1000 229
17462 229 1 2 261 4121 0 0 86 13341 229 1
7619 1000 0 1 187 7619 1000 0
0 1000 910 1 122 0 1000 910
1422 1000 0 1 186 1422 1000 0
11862 789 1 1 84 11862 789 1
0 1000 182 1 88 0 1000 182
1052 1000 0 1 325 1052 1000 0
0 1000 783 1 141 0 1000 783
-1
11 11
11066 1000 0 1 153 11066 1000 0
5233 1000 0 1 275 5233 1000 0
2302 1000 0 1 305 2302 1000 0
26039 1000 0 2 223 12298 0 0 273 13741 1000 0
26225 1000 0 2 181 13828 0 0 24 12397 1000 0
328 1000 0 1 155 328 1000 0
105 1000 0 1 185 105 1000 0
14528 1000 0 1 183 14528 1000 0
0 1823 0 1 66 0 1823 0
898 1000 0 1 28 898 1000 0
8772 1000 0 1 271 8772 1000 0
-1
