1 1
0 5613 0 2 3 0 252 0 1 0 5361 0
-1
2 2
0 1000 1427 2 8 0 5 967 5 0 995 460
0 9757 0 1 8 0 9757 0
-1
3 4
0 24066 0 3 9 0 2949 0 3 0 14544 0 2 0 6573 0
0 16357 0 2 10 0 5009 0 7 0 11348 0
0 1000 1210 2 9 0 5 845 1 0 995 365
0 5163 1842 2 5 0 4164 0 3 0 999 1842
-1
4 3
0 5576 275 3 4 0 3438 0 2 0 1140 0 5 0 998 275
0 14788 0 1 6 0 14788 0
0 6772 0 1 3 0 6772 0
-1
5 3
4760 17424 0 3 2 4760 0 0 7 0 11570 0 4 0 5854 0
0 1000 2254 2 7 0 147 820 6 0 853 1434
6188 8375 0 2 9 0 7375 0 5 6188 1000 0
-1
